141514.03782287423,167.65711149043395,195.4185641946614,150133.5569209059
101216.7133603714,184.6212223323325,169.23270070130397,207058.22880793657
55384.93782547187,178.58785371620814,144.01331216022382,234244.5384879332
48643.98652670832,186.3938973700571,140.63820689513744,234835.45464969613
27752.76930595209,183.6842766399336,142.07730522086186,286075.9714692299
24565.39389118748,186.68872261443425,142.31380770490378,325447.4306259063
15119.433279640765,186.43584443492276,133.1830872468797,251178.5492537771
6791.6387896092565,184.67560603756226,156.69654531411553,264836.8612047297
4893.829381166852,180.3232718380972,137.22612112113993,230672.84272178187
2583.3600330993004,185.5862203318823,132.56139997233637,412222.76735731086
1387.923053288401,184.75648488608732,122.7663570247975,195009.31364672416
193.5503252523198,195.60814466516482,140976.4408267222,125451.76110260337